-0.5	0.324261130382584
-0.4975062344139651	0.3467854725444336
-0.49501246882793015	0.34317645449653433
-0.4925187032418953	0.34027170309199894
-0.49002493765586036	0.3379387165508022
-0.48753117206982544	0.33606495140111037
-0.4850374064837905	0.3345721157968049
-0.4825436408977556	0.3334043722555615
-0.4800498753117207	0.3325203606946483
-0.4775561097256858	0.331888398810392
-0.47506234413965087	0.33148353066381975
-0.47256857855361595	0.33128563935940925
-0.470074812967581	0.3312781932329748
-0.46758104738154616	0.3314473840569394
-0.46508728179551123	0.33178151701055736
-0.4625935162094763	0.3322705673868759
-0.4600997506234414	0.3329058515343216
-0.45760598503740646	0.3336797775090611
-0.4551122194513716	0.3345856529541984
-0.45261845386533667	0.33561753477980627
-0.45012468827930174	0.3367701099323446
-0.4476309226932668	0.3380385996607207
-0.4451371571072319	0.3394186817957152
-0.442643391521197	0.34090642701881724
-0.4401496259351621	0.3424982461238676
-0.4376558603491272	0.34419084598812977
-0.43516209476309226	0.34598119266105964
-0.43266832917705733	0.3478664798755735
-0.43017456359102246	0.3498441024493808
-0.42768079800498754	0.35191163334672515
-0.4251870324189526	0.35406680392029954
-0.4226932668329177	0.35630748678561064
-0.42019950124688277	0.35863168089342634
-0.4177057356608479	0.36103749846524646
-0.415211970074813	0.36352315350585207
-0.41271820448877805	0.36608695166127714
-0.4102244389027431	0.3687272812296025
-0.4077306733167082	0.37144260516393945
-0.40523690773067333	0.3742314539329743
-0.4027431421446384	0.37709241912585023
-0.4002493765586035	0.38002414770538917
-0.39775561097256856	0.38302533682829343
-0.39526184538653364	0.3860947291627219
-0.39276807980049877	0.38923110864376476
-0.39027431421446385	0.3924332966155816
-0.3877805486284289	0.3957001483160322
-0.385286783042394	0.39903054966558216
-0.3827930174563591	0.4024234143016099
-0.3802992518703242	0.4058776809879242
-0.3778054862842893	0.40939231096375917
-0.37531172069825436	0.412966285777152
-0.3728179551122195	0.416598605141695
-0.3703241895261845	0.4202882849833275
-0.36783042394014964	0.4240343556307704
-0.3653366583541147	0.4278358601318153
-0.3628428927680798	0.4316918526951349
-0.3603491271820449	0.4356013972310535
-0.35785536159600995	0.4395635659944025
-0.3553615960099751	0.44357743831591
-0.35286783042394015	0.44764209941557564
-0.35037406483790523	0.4517566392912933
-0.34788029925187036	0.45592015167673783
-0.3453865336658354	0.4601317330632506
-0.3428927680798005	0.4643904817807485
-0.3403990024937656	0.46869549713344183
-0.33790523690773067	0.47304587858636205
-0.3354114713216958	0.47744072499924384
-0.3329177057356608	0.48187913390458026
-0.33042394014962595	0.4863602008269081
-0.327930174563591	0.4908830186408295
-0.3254364089775561	0.4954466769653929
-0.32294264339152123	0.5000502615926927
-0.32044887780548625	0.5046928539487783
-0.3179551122194514	0.509373530585183
-0.31546134663341646	0.5140913626994703
-0.31296758104738154	0.5188454156833426
-0.31047381546134667	0.5236347486971245
-0.3079800498753117	0.5284584142693638
-0.3054862842892768	0.5333154579205639
-0.3029925187032419	0.5382049178100532
-0.300498753117207	0.5431258244052097
-0.2980049875311721	0.548077200172149
-0.2955112219451371	0.5530580592873424
-0.29301745635910226	0.5580674073693563
-0.29052369077306733	0.5631042412303229
-0.2880299251870324	0.5681675486465374
-0.28553615960099754	0.5732563081477466
-0.28304239401496256	0.5783694888273418
-0.2805486284289277	0.58350605015718
-0.27805486284289277	0.5886649418475205
-0.27556109725685785	0.5938451036958843
-0.273067331670823	0.5990454654677477
-0.270573566084788	0.6042649467910839
-0.26807980049875313	0.6095024570675467
-0.2655860349127182	0.6147568954002589
-0.2630922693266833	0.6200271505379289
-0.2605985037406484	0.6253121008353115
-0.25810473815461343	0.6306106142297652
-0.25561097256857856	0.6359215482339093
-0.25311720698254364	0.6412437499443577
-0.2506234413965087	0.6465760560662623
-0.24812967581047385	0.6519172929538914
-0.24563591022443892	0.6572662766669448
-0.243142144638404	0.6626218130427823
-0.24064837905236908	0.6679826977843364
-0.23815461346633415	0.6733477165638977
-0.23566084788029928	0.6787156451425513
-0.23316708229426436	0.6840852495053829
-0.23067331670822944	0.6894552860123861
-0.2281795511221945	0.6948245015650243
-0.2256857855361596	0.7001916337884868
-0.22319201995012472	0.7055554112295781
-0.2206982543640898	0.7109145535702139
-0.21820448877805487	0.7162677718565089
-0.21571072319201995	0.7216137687433988
-0.21321695760598502	0.7269512387547536
-0.21072319201995016	0.73227886855899
-0.20822942643391523	0.7375953372600006
-0.2057356608478803	0.7428993167034901
-0.20324189526184538	0.7481894717984607
-0.20074812967581046	0.75346446085394
-0.1982543640897756	0.7587229359306968
-0.19576059850374067	0.7639635432079488
-0.19326683291770574	0.7691849233648484
-0.19077306733167082	0.77438571197666
-0.1882793017456359	0.7795645399254623
-0.18578553615960103	0.7847200338252085
-0.1832917705735661	0.7898508164609486
-0.18079800498753118	0.7949555072420418
-0.17830423940149626	0.8000327226691106
-0.17581047381546133	0.8050810768145449
-0.17331670822942646	0.8100991818162744
-0.17082294264339154	0.8150856483845415
-0.16832917705735662	0.8200390863214357
-0.1658354114713217	0.8249581050528463
-0.16334164588528677	0.8298413141725092
-0.1608478802992519	0.8346873239978372
-0.15835411471321698	0.8394947461371851
-0.15586034912718205	0.844262194068115
-0.15336658354114713	0.8489882837263396
-0.1508728179551122	0.8536716341048933
-0.14837905236907734	0.8583108678630811
-0.1458852867830424	0.8629046119482442
-0.1433915211970075	0.8674514982088328
-0.14089775561097256	0.871950164051807
-0.13840399002493764	0.8763992530711189
-0.13591022443890277	0.8807974157024312
-0.13341645885286785	0.8851433098807522
-0.13092269326683292	0.8894356017044189
-0.128428927680798	0.8936729661046574
-0.12593516209476308	0.8978540875203032
-0.12344139650872821	0.9019776605770193
-0.12094763092269328	0.9060423907703135
-0.11845386533665836	0.9100469951518506
-0.11596009975062344	0.9139902030182838
-0.11346633416458851	0.9178707566020152
-0.11097256857855364	0.9216874117631808
-0.10847880299251872	0.9254389386821797
-0.1059850374064838	0.9291241225520057
-0.10349127182044887	0.9327417642697384
-0.10099750623441395	0.9362906811264451
-0.09850374064837908	0.9397697074946916
-0.09600997506234416	0.9431776955130746
-0.09351620947630923	0.9465135157668927
-0.09102244389027431	0.949776057964296
-0.08852867830423944	0.9529642316070999
-0.08603491271820451	0.9560769666556008
-0.08354114713216959	0.9591132141865126
-0.08104738154613467	0.962071947043414
-0.07855361596009974	0.9649521604787852
-0.07605985037406487	0.9677528727870524
-0.07356608478802995	0.9704731259277726
-0.07107231920199503	0.9731119861382511
-0.0685785536159601	0.9756685445348663
-0.06608478802992518	0.9781419177023714
-0.06359102244389031	0.980531248270399
-0.061097256857855387	0.9828357054765471
-0.05860349127182046	0.985054485715271
-0.05610972568578554	0.9871868130719013
-0.053615960099750615	0.9892319398411766
-0.051122194513715746	0.9911891470295531
-0.04862842892768082	0.9930577448406908
-0.0461346633416459	0.994837073143471
-0.043640897755610975	0.996526501921982
-0.04114713216957605	0.9981254317068371
-0.03865336658354118	0.9996332939872619
-0.03615960099750626	1.0010495516034696
-0.033665835411471334	1.0023736991187482
-0.03117206982543641	1.003605263170744
-0.028678304239401486	1.004743802801599
-0.026184538653366618	1.005788909766297
-0.023690773067331694	1.0067402088190522
-0.02119700748129677	1.0075973579770956
-0.018703241895261846	1.0083600487617381
-0.016209476309226922	1.0090280064162171
-0.013715710723192054	1.00960099010008
-0.01122194513715713	1.0100787930599338
-0.008728179551122206	1.0104612427761468
-0.006234413965087282	1.0107482010854418
-0.003740648379052358	1.010939564279202
-0.0012468827930174897	1.0110352631772839
0.0012468827930174342	1.011035263177283
0.0037406483790523026	1.0109395642792003
0.006234413965087282	1.0107482010854418
0.00872817955112215	1.0104612427761464
0.01122194513715713	1.0100787930599333
0.013715710723191998	1.0096009901000809
0.016209476309226867	1.0090280064162171
0.018703241895261846	1.0083600487617377
0.021197007481296715	1.0075973579770956
0.023690773067331694	1.0067402088190522
0.026184538653366562	1.005788909766297
0.02867830423940143	1.0047438028015976
0.03117206982543641	1.003605263170744
0.03366583541147128	1.0023736991187477
0.03615960099750626	1.0010495516034696
0.03865336658354113	0.999633293987261
0.041147132169575995	0.9981254317068371
0.043640897755610975	0.9965265019219811
0.04613466334164584	0.9948370731434715
0.04862842892768082	0.9930577448406908
0.05112219451371569	0.9911891470295526
0.05361596009975056	0.9892319398411766
0.05610972568578554	0.9871868130719013
0.05860349127182041	0.9850544857152701
0.061097256857855387	0.9828357054765471
0.06359102244389025	0.980531248270399
0.06608478802992512	0.9781419177023714
0.0685785536159601	0.9756685445348654
0.07107231920199497	0.9731119861382522
0.07356608478802995	0.9704731259277726
0.07605985037406482	0.9677528727870528
0.07855361596009969	0.9649521604787847
0.08104738154613467	0.9620719470434136
0.08354114713216954	0.9591132141865117
0.08603491271820451	0.9560769666556013
0.08852867830423938	0.9529642316071008
0.09102244389027425	0.9497760579642951
0.09351620947630923	0.9465135157668927
0.0960099750623441	0.943177695513078
0.09850374064837908	0.9397697074946916
0.10099750623441395	0.9362906811264442
0.10349127182044882	0.9327417642697367
0.1059850374064838	0.9291241225520062
0.10847880299251866	0.9254389386821789
0.11097256857855364	0.9216874117631808
0.11346633416458851	0.9178707566020161
0.11596009975062338	0.9139902030182825
0.11845386533665836	0.9100469951518506
0.12094763092269323	0.9060423907703135
0.12344139650872821	0.9019776605770198
0.12593516209476308	0.8978540875203032
0.12842892768079794	0.8936729661046565
0.13092269326683292	0.8894356017044185
0.1334164588528678	0.8851433098807513
0.13591022443890277	0.8807974157024312
0.13840399002493764	0.8763992530711189
0.1408977556109725	0.8719501640518066
0.1433915211970075	0.8674514982088333
0.14588528678304236	0.8629046119482482
0.14837905236907734	0.8583108678630806
0.1508728179551122	0.8536716341048924
0.15336658354114707	0.8489882837263392
0.15586034912718205	0.8442621940681154
0.15835411471321692	0.8394947461371838
0.1608478802992519	0.8346873239978376
0.16334164588528677	0.8298413141725083
0.16583541147132164	0.824958105052845
0.16832917705735662	0.8200390863214353
0.17082294264339148	0.8150856483845415
0.17331670822942646	0.8100991818162748
0.17581047381546133	0.8050810768145449
0.1783042394014962	0.8000327226691102
0.18079800498753118	0.7949555072420409
0.18329177057356605	0.7898508164609515
0.18578553615960103	0.7847200338252089
0.1882793017456359	0.7795645399254627
0.19077306733167076	0.7743857119766591
0.19326683291770574	0.7691849233648489
0.1957605985037406	0.7639635432079499
0.1982543640897756	0.7587229359306964
0.20074812967581046	0.7534644608539396
0.20324189526184533	0.7481894717984592
0.2057356608478803	0.7428993167034896
0.20822942643391518	0.7375953372599995
0.21072319201995016	0.73227886855899
0.21321695760598502	0.7269512387547543
0.2157107231920199	0.7216137687433981
0.21820448877805487	0.7162677718565091
0.22069825436408974	0.7109145535702164
0.22319201995012472	0.7055554112295783
0.2256857855361596	0.7001916337884868
0.22817955112219446	0.6948245015650261
0.23067331670822944	0.6894552860123866
0.2331670822942643	0.6840852495053866
0.23566084788029928	0.6787156451425504
0.23815461346633415	0.6733477165638981
0.24064837905236902	0.6679826977843355
0.243142144638404	0.6626218130427828
0.24563591022443887	0.6572662766669499
0.24812967581047385	0.6519172929538912
0.2506234413965087	0.6465760560662626
0.2531172069825436	0.6412437499443573
0.25561097256857856	0.63592154823391
0.25810473815461343	0.6306106142297652
0.2605985037406484	0.6253121008353111
0.2630922693266833	0.6200271505379291
0.26558603491271815	0.6147568954002571
0.26807980049875313	0.6095024570675467
0.270573566084788	0.604264946791083
0.273067331670823	0.5990454654677477
0.27556109725685785	0.5938451036958847
0.2780548628428927	0.588664941847522
0.2805486284289277	0.5835060501571794
0.28304239401496256	0.5783694888273418
0.28553615960099754	0.5732563081477462
0.2880299251870324	0.5681675486465381
0.2905236907730673	0.5631042412303222
0.29301745635910226	0.5580674073693563
0.2955112219451371	0.5530580592873422
0.2980049875311721	0.5480772001721497
0.300498753117207	0.5431258244052093
0.30299251870324184	0.538204917810055
0.3054862842892768	0.5333154579205639
0.3079800498753117	0.5284584142693638
0.31047381546134656	0.5236347486971233
0.31296758104738154	0.5188454156833417
0.3154613466334164	0.5140913626994694
0.3179551122194514	0.5093735305851834
0.32044887780548625	0.5046928539487785
0.3229426433915211	0.5000502615926934
0.3254364089775561	0.49544667696539224
0.32793017456359097	0.4908830186408282
0.33042394014962595	0.4863602008269077
0.3329177057356608	0.4818791339045807
0.3354114713216957	0.4774407249992474
0.33790523690773067	0.4730458785863618
0.34039900249376553	0.4686954971334407
0.3428927680798005	0.46439048178074804
0.3453865336658354	0.46013173306325084
0.34788029925187025	0.4559201516767354
0.35037406483790523	0.4517566392912935
0.3528678304239401	0.44764209941557975
0.3553615960099751	0.44357743831591023
0.35785536159600995	0.4395635659944027
0.3603491271820448	0.4356013972310543
0.3628428927680798	0.43169185269513555
0.36533665835411466	0.4278358601318144
0.36783042394014964	0.42403435563076997
0.3703241895261845	0.4202882849833275
0.3728179551122194	0.4165986051416979
0.37531172069825436	0.41296628577715244
0.3778054862842892	0.40939231096375805
0.3802992518703242	0.4058776809879244
0.3827930174563591	0.4024234143016099
0.38528678304239394	0.39903054966558016
0.3877805486284289	0.39570014831603284
0.3902743142144638	0.39243329661558213
0.39276807980049877	0.3892311086437641
0.39526184538653364	0.38609472916272214
0.3977556109725685	0.38302533682829065
0.4002493765586035	0.3800241477053887
0.40274314214463836	0.3770924191258491
0.40523690773067333	0.3742314539329741
0.4077306733167082	0.3714426051639399
0.41022443890274307	0.3687272812296041
0.41271820448877805	0.3660869516612767
0.4152119700748129	0.3635231535058512
0.4177057356608479	0.3610374984652458
0.42019950124688277	0.35863168089342634
0.42269326683291764	0.3563074867856072
0.4251870324189526	0.35406680392029977
0.4276807980049875	0.35191163334672726
0.43017456359102246	0.34984410244938013
0.43266832917705733	0.34786647987557373
0.4351620947630922	0.3459811926610591
0.4376558603491272	0.34419084598812955
0.44014962593516205	0.34249824612386714
0.442643391521197	0.34090642701881657
0.4451371571072319	0.33941868179571544
0.44763092269326676	0.33803859966072214
0.45012468827930174	0.3367701099323448
0.4526184538653366	0.33561753477981227
0.4551122194513716	0.3345856529541984
0.45760598503740646	0.3336797775090611
0.46009975062344133	0.3329058515343227
0.4625935162094763	0.33227056738687544
0.4650872817955112	0.33178151701055636
0.46758104738154616	0.3314473840569394
0.470074812967581	0.33127819323297547
0.4725685785536159	0.33128563935940536
0.47506234413965087	0.3314835306638195
0.47755610972568574	0.33188839881039756
0.4800498753117207	0.3325203606946494
0.4825436408977556	0.33340437225556085
0.48503740648379046	0.3345721157967996
0.48753117206982544	0.33606495140110904
0.4900249376558603	0.3379387165508171
0.4925187032418953	0.3402717030919994
0.49501246882793015	0.34317645449653433
0.497506234413965	0.3467854725444369
0.5	0.324261130382584